x_b = [0.0064883847099383
0.019603593016964
0.032909070221855
0.046412231453917
0.060121147572707
0.074044500127647
0.088191506327727
0.1025717999382
0.11719524924132
0.13207168714482
0.14721052110026
0.16262018184681
0.17830736075285
0.19427597722611
0.21052581336908
0.227050758208
0.24383662709891
0.26085857559824
0.27807822573561
0.29544077798229
0.31287259195082
0.33027994867384
0.34754987229408
0.36455385251469
0.3811549266905
0.39721780233842
0.41262069193266
0.42726669505783
0.44109236434461
0.45407174524297
0.4662154438169
0.47756557794778
0.48818827220172
0.49816547328049
0.50758745618772
0.51654678076902
0.52513391048138
0.53343434506227
0.54152695116741
0.54948314619682
0.55736663756931
0.56523349461781
0.57313240449845
0.58110502382137
0.58918638045429
0.59740530640927
0.60578489627531
0.61434299019078
0.62309267947361
0.63204282969636
0.64119861235057
0.650562033608
0.66013244764627
0.66990704259317
0.6798812890303
0.69004934368964
0.70040440396969
0.71093901177183
0.72164530762533
0.73251523797824
0.74354071984499
0.75471376776074
0.76602658828828
0.77747164726317
0.78904171465378
0.80072989144985
0.81252962245255
0.82443469827593
0.83643924932584
0.84853773401966
0.860724923064
0.87299588122136
0.88534594767099
0.89777071579972
0.91026601303949
0.92282788119305
0.93545255755181
0.94813645700295
0.96087615524178
0.97366837314454
0.9865099623125
0.9993978917667
1.0123292357509
1.0253011625863
1.0383109245132
1.0513558484513
1.0644333276069
1.0775408138609
1.0906758108685
1.10383586781
1.1170185737329
1.1302215524312
1.1434424578129
1.156678969709
1.1699287900841
1.1831896396108
1.196459254574
1.209735384076
1.2230157875152
1.2362982323135
1.2495804918725
1.2628603437373
1.2761355679527
1.2894039455954
1.3026632574686
1.3159112829472
1.3291457989626
1.3423645791162
1.3555653929147
1.3687460051172
1.3819041751883
1.3950376568494
1.4081441977231
1.4212215390645
1.4342674155742
1.4472795552891
1.4602556795445
1.4731935030054
1.4860907337618
1.4989450734835
1.5117542176323
1.5245158557267
1.5372276716555
1.5498873440378
1.5624925466251
1.5750409487429
1.5875302157675
1.5999580096358
1.612321989385
1.6246198117166
1.6368491315858
1.649007602809
1.661092878689
1.6731026126536
1.6850344589047
1.6968860730756
1.7086551128932
1.7203392388413
1.7319361148242
1.7434434088258
1.7548587935636
1.7661799471322
1.7774045536376
1.7885303038166
1.7995548956409
1.8104760349025
1.8212914357805
1.8319988213846
1.8425959242757
1.853080486961
1.8634502623624
1.8737030142568
1.8838365176536
1.8938485593407
1.9037369379037
1.9134994643724
1.9231339623409
1.9326382682517
1.9420102316131
1.9512477151836
1.9603485951221
1.9693107611041
1.9781321164053
1.986810577951
1.9953440763333
2.0037305557962
2.0119679741889
2.020054302888
2.0279875266909
2.0357656436789
2.0433866650531
2.0508486149432
2.0581495301908
2.0652874601079
2.0722604662123
2.0790666219417
2.0857040123464
2.0921707337637
2.0984648934747
2.1045846093443
2.1105280094477
2.116293231683
2.121878423373
2.1272817408567
2.1325013490724
2.1375354211349
2.1423821379068
2.1470396875667
2.1515062651757
2.1557800722432
2.1598593162951
2.1637422104441
2.1674269729655
2.1709118268787
2.1741949995376
2.1772747222299
2.1801492297886
2.182816760216
2.1852755543232
2.1875238553853
2.1895599088156
2.19138196186
2.1929882633123
2.1943770632547
2.1955466128223
2.1964951639965
2.1972209694263
2.1977222822824
2.1979973561433
2.1980794839136
2.1981777790394
2.1983271327735
2.1985274668653
2.1987787030754
2.1990807631735
2.199433568936
2.1998370421435
2.200291104578
2.2007956780185
2.2013506842378
2.2019560449979
2.2026116820449
2.2033175171044
2.2040734718753
2.2048794680242
2.205735427179
2.206641270922
2.2075969207827
2.2086022982307
2.2096573246673
2.2107619214176
2.2119160097218
2.2131195107263
2.2143723454742
2.2156744348959
2.2170256997991
2.2184260608581
2.2198754386036
2.2213737534117
2.2229209254923
2.2245168748776
2.2261615214105
2.227854784732
2.2295965842688
2.2313868392207
2.2332254685473
2.2351123909547
2.237047524882
2.2390307884872
2.2410620996331
2.2431413776341
2.2452685344364
2.2474434922131
2.2496661657389
2.2519364711802
2.2542543243182
2.2566196405333
2.259032334789
2.2614923216157
2.2639995150945
2.2665538288406
2.2691551759867
2.2718034691656
2.2744986204942
2.2772405415552
2.2800291433807
2.2828643364341
2.285746030593
2.2886741351314
2.2916485587019
2.2946692093179
2.2977359943357
2.3008488204365
2.3040075936084
2.3072122191282
2.3104626015433
2.3137586446537
2.3171002514938
2.320487324314
2.3239197645631
2.3273974728695
2.3309203490236
2.3344882919596
2.3381011997377
2.3417589695259
2.3454614975825
2.3492086792384
2.353000408879
2.3568365799277
2.3607170848276
2.3646418150252
2.3686106609527
2.3726235120118
2.3766802565568
2.3807807818783
2.3849249741874
2.389112718599
2.3933438991172
2.3976183986192
2.4019360988408
2.4062968803611
2.4107006225887
2.4151472037473
2.4196365008619
2.424168389746
2.4287427449879
2.4333594399388
2.4380183467006
2.4427193361138
2.4474622777468
2.4522470398848
2.4570734895199
2.4619414923408
2.4668509127241
2.4718016137254
2.4767934570707
2.4818263031497
2.4869000110077
2.4920144383401
2.4971694414858
2.5023648754225
2.5076005937619
2.5128764487457
2.5181922912424
2.5235479707446
2.5289433353669
2.5343782318453
2.5398525055356
2.5453660004145
2.5509185590801
2.5565100227533
2.5621402312806
2.5678090231371
2.57351623543
2.5792617039038
2.5850452629454
2.5908667455902
2.5967259835295
2.6026228071176
2.6085570453812
2.6145285260281
2.6205370754576
2.6265825187716
2.6326646797862
2.6387833810442
2.6449384438287
2.6511296881773
2.6573569328967
2.663619995579
2.669918692618
2.6762528392264
2.6826222494544
2.6890267362084
2.6954661112705
2.7019401853193
2.708448767951
2.7149916677013
2.7215686920682
2.7281796475356
2.7348243395971
2.741502572781
2.748214150676
2.7549588759573
2.7617365504133
2.7685469749735
2.7753899497364
2.7822652739981
2.7891727462822
2.7961121643691
2.803083325327
2.8100860255425
2.8171200607526
2.8241852260761
2.8312813160469
2.8384081246462
2.8455654453363
2.8527530710945
2.8599707944468
2.8672184075031
2.8744957019912
2.881802469293
2.8891385004792
2.8965035863452
2.9038975174472
2.9113200841385
2.9187710766055
2.9262502849043
2.9337574989978
2.9412925087916
2.9488551041717
2.9564450750409
2.9640622113558
2.9717063031638
2.9793771406399
2.9870745141237
2.9947982141559
3.0025480315152
3.0103237572549
3.0181251827389
3.0259520996784
3.0338043001677
3.0416815767199
3.0495837223024
3.0575105303727
3.0654617949127
3.0734373104637
3.0814368721609
3.0894602757669
3.0975073177058
3.105577795096
3.1136715057832
3.1217882483728
3.1299278222616
3.1380900276691
3.1462746656688
3.1544815382184
3.1627104481897
3.1709611993979
3.1792335966304
3.1875274456754
3.1958425533488
3.2041787275219
3.2125357771479
3.2209135122872
3.229311744133
3.237730285036
3.2461689485279
3.2546275493451
3.2631059034513
3.2716038280592
3.2801211416522
3.2886576640045
3.2972132162016
3.3057876206592
3.314380701142
3.3229922827815
3.3316221920928
3.3402702569918
3.3489363068107
3.357620172313
3.3663216857081
3.3750406806648
3.3837769923246
3.3925304573139
3.4013009137557
3.4100882012807
3.4188921610372
3.4277126357014
3.4365494694857
3.4454025081476
3.4542715989967
3.4631565909023
3.4720573342995
3.4809736811946
3.489905485171
3.4988526013926
3.5078148866086
3.5167921991562
3.5257843989632
3.5347913475506
3.5438129080333
3.5528489451217
3.5618993251217
3.5709639159343
3.5800425870554
3.589135209574
3.5982416561709
3.6073618011157
3.6164955202648
3.6256426910574
3.6348031925123
3.6439769052233
3.6531637113545
3.6623634946355
3.6715761403556
3.6808015353576
3.690039568032
3.6992901283095
3.7085531076545
3.717828399057
3.7271158970249
3.7364154975757
3.7457270982281
3.7550505979926
3.7643858973627
3.7737328983048
3.783091504249
3.7924616200783
3.8018431520831
3.8112360081276
3.8206400972842
3.8300553301773
3.8394816187939
3.8489188765079
3.8583670180682
3.8678259595862
3.8772956185239
