y_b = [-0.24909370587086 -0.24909368300366 -0.24909361542458 -0.24909347409006 -0.24909322344736 -0.24909282145893 -0.24909221962585 -0.24909136301 -0.24909019025454 -0.24908863360235 -0.24908661891194 -0.24908406567019 -0.24908088700155 -0.24907698967293 -0.24907227409365 -0.2490666343098 -0.24905995799224 -0.24905212641738 -0.24904301444 -0.2490324904572 -0.2490204163625 -0.2490066474892 -0.24899103254198 -0.24897341351565 -0.24895362559996 -0.24893149706939 -0.24890684915668 -0.24887949590886 -0.24884924402463 -0.24881589267156 -0.24877923328202 -0.24873904932616 -0.24869511606071 -0.24864720025195 -0.2485950598714 -0.24853844376256 -0.2484770912771 -0.24841073187878 -0.24833908471343 -0.24826185814305 -0.24817874924235 -0.24808944325583 -0.24799361301337 -0.24789091830251 -0.24778100519537 -0.24766350532815 -0.24753803513136 -0.24740419500848 -0.24726156846131 -0.24710972115975 -0.24694819995423 -0.24677653182881 -0.24659422279318 -0.24640075671185 -0.24619559406901 -0.24597817066787 -0.24574789626328 -0.24550415312708 -0.24524629454574 -0.24497364325066 -0.2446854897817 -0.24438109078556 -0.24405966725132 -0.24372040268633 -0.24336244123701 -0.24298488576027 -0.24258679585289 -0.24216718584803 -0.24172502279005 -0.2412592244012 -0.24076865705643 -0.2402521337857 -0.2397084123264 -0.2391361932527 -0.23853411821258 -0.2379007683084 -0.23723466266182 -0.23653425721 -0.23579794378584 -0.23502404954204 -0.23421083678561 -0.23335650329711 -0.23245918321634 -0.23151694858405 -0.23052781163686 -0.22948972795962 -0.22840060060624 -0.22725828530521 -0.22606059687001 -0.22480531693639 -0.22349020314764 -0.22211299990438 -0.22067145078731 -0.21916331274745 -0.2175863721397 -0.21593846264932 -0.21421748512875 -0.21242142932101 -0.21054839739826 -0.20859662918719 -0.20656452889008 -0.20445069304013 -0.20225393935563 -0.19997333608069 -0.19760823132429 -0.19515828183771 -0.192623480607 -0.19000418258703 -0.18730112787041 -0.18451546157457 -0.1816487497449 -0.17870299061615 -0.17568062064885 -0.17258451486178 -0.1694179811146 -0.16618474815111 -0.16288894738859 -0.15953508862297 -0.15612803000616 -0.15267294282922 -0.14917527180574 -0.14564069168354 -0.1420750611146 -0.13848437477599 -0.13487471475804 -0.13125220221911 -0.1276229502519 -0.12399301881912 -0.12036837250341 -0.11675484168368 -0.11315808760722 -0.10958357168029 -0.10603652915704 -0.10252194727326 -0.09904454775283 -0.095608773512867 -0.092218779311665 -0.088878426021032 -0.085591278161768 -0.082360604315921 -0.079189380020476 -0.076080292751671 -0.073035748624824 -0.070057880458728 -0.067148556884178 -0.064309392210115 -0.061541756798093 -0.058846787731673 -0.056225399604225 -0.053678295282478 -0.051205976535049 -0.048808754443837 -0.04648675954155 -0.044239951640532 -0.042068129336488 -0.039970939185697 -0.037947884566169 -0.035998334241962 -0.034121530655996 -0.032316597980295 -0.030582549954092 -0.028918297539816 -0.027322656425087 -0.025794354395681 -0.024332038600258 -0.022934282722876 -0.021599594074063 -0.020326420605783 -0.019113157850277 -0.017958155777551 -0.016859725561572 -0.015816146240928 -0.014825671256278 -0.013886534843587 -0.01299695826093 -0.012155155824241 -0.011359340727758 -0.010607730624706 -0.0098985529448641 -0.0092300499272167 -0.0086004833480706 -0.008008138927618 -0.0074513304009177 -0.0069284032425035 -0.006437738037239 -0.0059777534934977 -0.0055469090981876 -0.0051437074164745 -0.0047666960422056 -0.0044144692079551 -0.0040856690662427 -0.0037789866557986 -0.0034931625687208 -0.0032269873360057 -0.0029793015502032 -0.0027489957448885 -0.0025350100512495 -0.0023363336523807 -0.0021520040559145 -0.0019811062053364 -0.0018227714499528 -0.0016761763927502 -0.0015405416346371 -0.0014151304325927 -0.0012992472882361 -0.0011922364821859 -0.0010934805685243 -0.0010023988423169 -0.00091844579223063 -0.0008411095487183 -0.00076991033777368 -0.00070439894822905 -0.00064415522036143 -0.0005887865620918 -0.00053792649827608 -0.00049123325768891 -0.00044838840148675 -0.00040909549620272 -0.00037307883363982 -0.00034008219942119 -0.00030986769140726 -0.00028221458870006 -0.0002569182715208 -0.00023378919187472 -0.00021265189458178 -0.00019334408797866 -0.0001757157633509 -0.00015962836196226 -0.00014495398837694 -0.00013157466864566 -0.00011938165181793 -0.00010827475316755 -9.816173746266e-05 -8.8957740577489e-05 -8.0584727724264e-05 -7.2970986579518e-05 -6.6050653594663e-05 -5.9763271790803e-05 -5.4053378383573e-05 -4.8870120605365e-05 -4.4166898147541e-05 -3.9901030688905e-05 -3.6033449032469e-05 -3.2528408424104e-05 -2.9353222689571e-05 -2.6478017880249e-05 -2.3875504180149e-05 -2.1520764888261e-05 -1.9391061343577e-05 -1.7465652723592e-05 -1.5725629705809e-05 -1.41537610302e-05 -1.2734352063226e-05 -1.1453114512561e-05 -1.0297046491942e-05 -9.2543221884567e-06 -8.3141904241024e-06 -7.466881459639e-06 -6.7035214147415e-06 -6.0160537390941e-06 -5.3971671902797e-06 -4.8402298190031e-06 -4.3391437609397e-06 -3.8887135577759e-06 -3.4837481286409e-06 -3.1198618128392e-06 -2.7930083401906e-06 -2.4995268874117e-06 -2.2361067600618e-06 -1.9997551639617e-06 -1.7877678104572e-06 -1.5977021211588e-06 -1.4273528110287e-06 -1.2747296558313e-06 -1.1380372540726e-06 -1.0156566148667e-06 -9.0612841632809e-07 -8.0813778868816e-07 -7.205004907973e-07 -6.4215035977533e-07 -5.72127917986e-07 -5.0957004038565e-07 -4.5370058379679e-07 -4.0382189736565e-07 -3.5930712616317e-07 -3.1959324942044e-07 -2.8417477129783e-07 -2.5259803126954e-07 -2.2445602654297e-07 -1.9938376796813e-07 -1.7705406324398e-07 -1.5717371210089e-07 -1.394800778487e-07 -1.2373798854992e-07 -1.0973694414274e-07 -9.7288598899237e-08 -8.6224492767961e-08 -7.6394000542157e-08 -6.7662515979006e-08 -5.9909767313737e-08 -5.3028340663008e-08 -4.6922369545399e-08 -4.1506226067245e-08 -3.6703583533582e-08 -3.24463556578e-08 -2.8673843355254e-08 -2.533196058474e-08 -2.2372518115876e-08 -1.975260752185e-08 -1.7434031218677e-08 -1.5382797979857e-08 -1.3568670131914e-08 -1.196476046017e-08 -1.0547166195973e-08 -9.2946478014166e-09 -8.188338007642e-09 -7.2114828553183e-09 -6.3492098800744e-09 -5.588321638772e-09 -4.9171105798163e-09 -4.3251676962175e-09 -3.8033742821852e-09 -3.3434910395869e-09 -2.9383216693102e-09 -2.5814697046656e-09 -2.2672699551141e-09 -1.9907122617013e-09 -1.747362587956e-09 -1.5333001535112e-09 -1.3450583979946e-09 -1.1795744936371e-09 -1.0341414946602e-09 -9.0636959049206e-10 -7.9414852471871e-10 -6.9561584270517e-10 -6.0912841437499e-10 -5.3323670479166e-10 -4.6666315256516e-10 -4.082812143924e-10 -3.5709862844513e-10 -3.1224098306915e-10 -2.7293861615263e-10 -2.3851376429462e-10 -2.0837043201993e-10 -1.8198392792712e-10 -1.5889273230485e-10 -1.3869144721568e-10 -1.21023802091e-10 -1.0557649199328e-10 -9.2074486923721e-11 -8.0276091329878e-11 -6.9969807725556e-11 -6.0969174153769e-11 -5.3111348652379e-11 -4.6253084695635e-11 -4.0269038104057e-11 -3.5049296798206e-11 -3.0497659952999e-11 -2.652952857396e-11 -2.3071433652433e-11 -2.0058399385903e-11 -1.7433943177991e-11 -1.5148576837376e-11 -1.3159251466277e-11 -1.1427858659374e-11 -9.9215635707139e-12 -8.6116391795343e-12 -7.4724393339665e-12 -6.4820926404252e-12 -5.6215587740382e-12 -4.8739901004069e-12 -4.2244818754256e-12 -3.6607383790965e-12 -3.1710745140856e-12 -2.7464142071665e-12 -2.3778479185665e-12 -2.0582424653526e-12 -1.7810197761037e-12 -1.5407675135748e-12 -1.3326006964576e-12 -1.1523004772584e-12 -9.9603658654246e-13 -8.6050611081134e-13 -7.4362738189393e-13 -6.4226401974565e-13 -5.5433435619534e-13 -4.8133719232624e-13 -4.1316949861425e-13 -3.5618730187537e-13 -3.075872889724e-13 -2.6503799155364e-13 -2.2837287616539e-13 -1.9673151996358e-13 -1.6958656701149e-13 -1.4588330543575e-13 -1.2595480214372e-13 -1.0813572259849e-13 -9.3425267522207e-14 -7.9991568924243e-14 -6.8667294073066e-14 -5.911937606129e-14 -5.0903725679063e-14 -4.3798298321462e-14 -3.752553823233e-14 -3.2363001167823e-14 -2.7922109069323e-14 -2.3703261575747e-14 -2.0705659409259e-14 