y_b = [0.076185221295147 0.076185221257816 0.076185221145257 0.076185220906471 0.076185220478522 0.076185219786563 0.076185218743874 0.076185217251891 0.076185215200239 0.076185212466758 0.076185208917538 0.076185204406941 0.076185198777631 0.076185191860595 0.076185183475166 0.07618517342904 0.076185161518296 0.076185147527404 0.076185131229237 0.076185112385074 0.0761850907446 0.076185066045903 0.07618503801546 0.076185006368124 0.076184970807097 0.076184931023903 0.076184886698349 0.076184837498474 0.076184783080502 0.076184723088771 0.076184657155659 0.076184584901499 0.07618450593448 0.076184419850541 0.076184326233242 0.076184224653632 0.076184114670097 0.076183995828192 0.076183867660457 0.076183729686221 0.076183581411379 0.076183422328157 0.076183251914857 0.076183069635575 0.076182874939903 0.076182667262606 0.076182446023277 0.076182210625959 0.076181960458754 0.076181694893391 0.076181413284773 0.076181114970493 0.076180799270318 0.076180465485636 0.076180112898876 0.076179740772889 0.076179348350288 0.076178934852758 0.076178499480315 0.076178041410532 0.076177559797712 0.076177053772027 0.076176522438595 0.076175964876519 0.076175380137865 0.076174767246594 0.076174125197431 0.076173452954678 0.076172749450963 0.07617201358593 0.076171244224859 0.076170440197211 0.076169600295113 0.076168723271753 0.076167807839708 0.076166852669179 0.07616585638615 0.076164817570446 0.076163734753709 0.076162606417263 0.07616143098989 0.076160206845486 0.076158932300615 0.076157605611942 0.076156224973542 0.076154788514088 0.076153294293894 0.076151740301833 0.076150124452096 0.076148444580803 0.076146698442459 0.076144883706233 0.076142997952069 0.076141038666612 0.076139003238939 0.076136888956094 0.076134692998407 0.076132412434595 0.076130044216633 0.076127585174379 0.076125032009948 0.076122381291819 0.076119629448663 0.076116772762877 0.076113807363813 0.076110729220686 0.07610753413514 0.076104217733465 0.076100775458441 0.076097202560791 0.076093494090228 0.076089644886072 0.076085649567414 0.076081502522813 0.076077197899495 0.076072729592032 0.076068091230471 0.076063276167901 0.076058277467405 0.076053087888393 0.076047699872262 0.076042105527368 0.076036296613263 0.07603026452417 0.076024000271652 0.076017494466429 0.076010737299326 0.076003718521269 0.075996427422324 0.075988852809699 0.075980982984674 0.075972805718406 0.07596430822654 0.075955477142594 0.075946298490022 0.075936757652922 0.075926839345307 0.075916527578872 0.075905805629179 0.075894656000199 0.075883060387112 0.075870999637297 0.075858453709412 0.075845401630489 0.075831821450934 0.075817690197347 0.075802983823048 0.075787677156213 0.075771743845504 0.075755156303074 0.075737885644846 0.075719901627917 0.075701172584979 0.075681665355621 0.075661345214371 0.075640175795341 0.075618119013332 0.075595134981252 0.075571181923688 0.075546216086482 0.075520191642158 0.075493060591023 0.075464772657794 0.075435275183569 0.075404513012996 0.075372428376441 0.075338960767022 0.075304046812307 0.075267620140538 0.075229611241198 0.075189947319774 0.075148552146559 0.075105345899348 0.075060244999889 0.075013161943969 0.074964005125019 0.074912678651142 0.074859082155496 0.074803110599961 0.074744654072085 0.074683597575282 0.074619820812343 0.074553197962311 0.074483597450852 0.074410881714277 0.07433490695744 0.074255522905783 0.0741725725519 0.074085891897011 0.073995309687891 0.07390064714983 0.073801717716337 0.073698326756416 0.073590271300329 0.073477339764953 0.073359311679919 0.073235957415945 0.073107037916893 0.0729723044373 0.072831498287328 0.072684350587287 0.072530582034112 0.072369902682453 0.072202011743257 0.072026597403037 0.071843336667304 0.071651895231947 0.071451927386688 0.071243075955069 0.071024972275795 0.070797236230619 0.070559476324347 0.070311289822922 0.070052262955956 0.069781971190464 0.069499979582978 0.069205843217602 0.06889910773796 0.068579309981376 0.068245978723961 0.067898635545626 0.0675367958243 0.067159969868901 0.066767664200754 0.066359382993264 0.065934629679672 0.065492908738608 0.065033727666938 0.064556599149041 0.064061043431086 0.063546590908137 0.063012784930931 0.062459184837937 0.061885369216723 0.061290939396799 0.060675523173818 0.060038778762302 0.059380398970934 0.058700115590747 0.057997703982345 0.057272987843497 0.056525844133027 0.055756208120946 0.054964078528119 0.054149522711584 0.053312681843929 0.052453776026958 0.051573109271451 0.050671074266247 0.04974815685141 0.048804940102171 0.04784210792305 0.04686044804531 0.045860854316392 0.044844328167405 0.043811979144906 0.042765024396399 0.041704787005831 0.040632693086247 0.039550267552004 0.038459128512701 0.037360980255283 0.036257604809337 0.035150852122893 0.034042628911368 0.03293488627946 0.031829606253642 0.030728787399748 0.029634429734445 0.028548519169375 0.027473011750767 0.026409817974 0.025360787460539 0.024327694283423 0.023312223216371 0.022315957161075 0.021340365977924 0.020386796908527 0.019456466735586 0.018550455778773 0.017669703776475 0.016815007654619 0.0159870211374 0.015186256112263 0.014413085624601 0.013667748347226 0.012950354346533 0.012260891951624 0.011599235524312 0.010965153926469 0.010358319485849 0.0097783172713542 0.0092246545027776 0.0086967699371499 0.0081940430930666 0.0077158031946482 0.0072613377373683 0.0068299005980829 0.0064207196306709 0.0060330037063125 0.0056659491732866 0.0053187457251286 0.0049905816779047 0.0046806486673606 0.0043881457847591 0.0041122831765423 0.0038522851376639 0.0036073927317127 0.0033768659730518 0.0031599856071509 0.0029560545254457 0.0027643988505663 0.0025843687265763 0.0024153388474012 0.002256708754779 0.0021079029350468 0.0019683707419146 0.0018375861702186 0.0017150475033671 0.0016002768552225 0.0014928196247807 0.0013922438804025 0.0012981396882101 0.0012101183976668 0.0011278118957226 0.001050871839445 0.00097896887571373 0.00091179185535145 0.00084904704796912 0.00079045736283059 0.00073576158017105 0.00068471359663405 0.00063708168781232 0.00059264779028113 0.00055120680499442 0.00051256592345834 0.00047654397770965 0.00044297081478697 0.00041168669610074 0.00038254172185639 0.00035539528049176 0.0003301155229056 0.0003065788611224 0.00028466949091822 0.0002642789378403 0.00024530562597914 0.00022765446879648 0.00021123648126824 0.00019596841257455 0.00018177239854583 0.00016857563306877 0.0001563100576487 0.00014491206833102 0.00013432223919294 0.00012448506162809 0.00011534869866608 0.00010686475358448 9.8988052095808e-05 9.1676437412105e-05 8.4890577515664e-05 7.8593783988098e-05 7.2751841776117e-05 6.7332849298232e-05 6.2307068320971e-05 5.7646783058321e-05 5.3326167978929e-05 4.932116381659e-05 4.5609361321267e-05 4.2169892296398e-05 3.8983327498993e-05 3.6031580997867e-05 3.3297820607597e-05 3.0766384034889e-05 2.8422700395131e-05 2.6253216774366e-05 2.4245329529479e-05 2.2387320038439e-05 2.066829462595e-05 1.9078128407748e-05 1.7607412810053e-05 1.6247406535122e-05 1.4989989757977e-05 1.3827621349813e-05 1.2753298922308e-05 1.1760521623369e-05 1.0843255189102e-05 9.995899624915e-06 9.2132588503241e-06 8.4905124507623e-06 7.8231893576169e-06 7.2071432779125e-06 6.6385298091859e-06 6.1137851143783e-06 5.6296060338829e-06 5.1829315909219e-06 4.7709257427198e-06 4.3909613300225e-06 4.0406051325798e-06 3.71760396016e-06 3.4198717060729e-06 3.1454773184308e-06 2.8926335800261e-06 2.6596867026829e-06 2.4451066389791e-06 2.2474780770193e-06 2.0654920747237e-06 1.8979382718221e-06 1.7436976806062e-06 1.601735962628e-06 1.4710971984189e-06 1.3508980994947e-06 1.2403226351126e-06 1.1386170449545e-06 1.0450852118565e-06 9.5908436460734e-07 8.8002109893681e-07 8.0734768079238e-07 7.4055862085698e-07 6.7918749903362e-07 6.2280402043924e-07 5.7101128743409e-07 5.2344327185205e-07 4.7976247320725e-07 4.3965775012311e-07 4.0284231132837e-07 3.6905185711589e-07 3.3804285735906e-07 3.0959095848049e-07 2.8348950976975e-07 2.5954819941887e-07 2.3759179314242e-07 2.1745896779113e-07 